0004 0000 0011 0000 0000 0000 0000 0000 0000 0000 0000 0000 0000 0000
fffe ffff 0004 0000 0004 0000 0004 0000 0004 0000 0009 0000 0009 0000
fffe ffff 0009 0000 0009 0000 0009 0000 000e 0000 000e 0000 0010 0000
fffe ffff 0011 0000 0011 0000 0011 0000 0011 0000 0011 0000 0011 0000
fffe ffff 0011 0000 0000 8000 0000 8000 0000 8000 0000 8000 0000 8000
0005 0000 0012 0000 0000 8000 0000 8000 0000 8000 0000 8000 0000 8000
0006 0000 0011 0000 0012 0000 0012 0000 0012 0000 0012 0000 0012 0000
0007 0000 0012 0000 0000 8000 0000 8000 0000 8000 0000 8000 0000 8000
0008 0000 0012 0000 0012 0000 0012 0000 0012 0000 0000 8000 0000 8000
0009 0000 0012 0000 0012 0000 0012 0000 0000 8000 0000 8000 0000 8000
000a 0000 0012 0000 0012 0000 0012 0000 0000 8000 0000 8000 0000 8000
000b 0000 0012 0000 0012 0000 0012 0000 0012 0000 0000 8000 0000 8000
000c 0000 0012 0000 0012 0000 0012 0000 0000 8000 0000 8000 0000 8000
000d 0000 0012 0000 0000 8000 0000 8000 0000 8000 0000 8000 0000 8000
000e 0000 0012 0000 0012 0000 0013 0000 0000 8000 0000 8000 0000 8000
000f 0000 0014 0000 0014 0000 0014 0000 0014 0000 0000 8000 0000 8000
0010 0000 0014 0000 0000 8000 0000 8000 0000 8000 0000 8000 0000 8000
ffff ffff 0014 0000 0014 0000 0014 0000 0014 0000 0000 8000 0000 8000                    
